86 (85): 679891637638612258
679891637638612258
629 (628): 2054600506934777144254749066067108386628990206021886824862282830101478168861446189038452934807527206909469792572092172480912659154060672840
2054600506934777144254749066067108386628990206021886824862282830101478168861446189038452934807527206909469792572092172480912659154060672840
793 (792): 3861001382166516474039309602252058812906420618588143535442629065089284932113842408087216673303059140891352398829018164003778486089009772503419782130338778530138921866971476017
3861001382166516474039309602252058812906420618588143535442629065089284932113842408087216673303059140891352398829018164003778486089009772503419782130338778530138921866971476017
292 (291): 7654090046775693637841588405383489763407680640993978954512095813
7654090046775693637841588405383489763407680640993978954512095813
999 (998): 4346655768609374564356885276750040625802564660517037178040248172908905365554179490518900403879840079255169029592259308032263407752096896232398730322471161642996440090653318793829896906499285160037044760137795166849228875
4346655768609374564356885276750040625802564660517037178040248172908905365554179490518900403879840079255169029592259308032263407752096896232398730322471161642996440090653318793829896906499285160037044760137795166849228875
527 (526): 99008069626490072147202085159567487591870919804840608734007036766105970605204302793789328859081020386332543066271936
99008069626490072147202085159567487591870919804840608734007036766105970605204302793789328859081020386332543066271936
800 (799): 112102038130165701975392201312040081070329430249802439891737991010960964241768702402714672419719090010000928433174016012020268053052297087202215290030444060060693244742562963426
112102038130165701975392201312040081070329430249802439891737991010960964241768702402714672419719090010000928433174016012020268053052297087202215290030444060060693244742562963426
250 (249): 1277652357292473205860370338946550310898659556447352249
1277652357292473205860370338946550310898659556447352249
453 (452): 3395409950368289674574750566170409171862972081565379152049714707831345326829712790633874824703400847
3395409950368289674574750566170409171862972081565379152049714707831345326829712790633874824703400847
693 (692): 408745814483011223360922268895532800198028947806146070544405333624556794903020313612384437870442066139992878026685505085006263266527740489500305984505967
408745814483011223360922268895532800198028947806146070544405333624556794903020313612384437870442066139992878026685505085006263266527740489500305984505967
53 (52): 86267571272
86267571272
936 (935): 29643802562647370027751613972484188031834290262941305905923409511446980150550421029677866167069117293675346012501077518082014053220412504014729683541078920852691967862506167096988165972500508762424479215217
29643802562647370027751613972484188031834290262941305905923409511446980150550421029677866167069117293675346012501077518082014053220412504014729683541078920852691967862506167096988165972500508762424479215217
830 (829): 208566256206091002797317178988708613705913324834210746769641222057561096687008313158480806714721234246353420059125869557774470089857629550298858602052393777624862990244403317563706594
208566256206091002797317178988708613705913324834210746769641222057561096687008313158480806714721234246353420059125869557774470089857629550298858602052393777624862990244403317563706594
981 (980): 752276809492739914356067020563874374444365980044845588503457814500142890241095837240648917421577143493090520082810561502302781496368425324570129991683449390058054205450669199996601945781957772172560719878680951279791
752276809492739914356067020563874374444365980044845588503457814500142890241095837240648917421577143493090520082810561502302781496368425324570129991683449390058054205450669199996601945781957772172560719878680951279791
812 (811): 36096618063173444487028962707566451955700452510115437988958483038038511425004564474204200352907781219170633578810149197126021910139113194532306505864927338403720035462884587894658
36096618063173444487028962707566451955700452510115437988958483038038511425004564474204200352907781219170633578810149197126021910139113194532306505864927338403720035462884587894658
347 (346): 20388987100892084569013416758112932382406007759349840685290143761591653482576
20388987100892084569013416758112932382406007759349840685290143761591653482576
223 (222): 2909018035505033622569101110380089984964854261893
2909018035505033622569101110380089984964854261893
324 (323): 37281903592600089887947944840958503285158425828855790275203077366912825
37281903592600089887947944840958503285158425828855790275203077366912825
10 (9): 89
89
765 (764): 543309663120059601078743768702202590036974141537070695037198420546493899001234149005305719860692045026068474520095225440074702316301259650850759016420681564251767371263
543309663120059601078743768702202590036974141537070695037198420546493899001234149005305719860692045026068474520095225440074702316301259650850759016420681564251767371263